[settings]
thresh_show=0.300000
thresh_identify=0.300000
server_ip=127.0.0.1
server_port=9999
